586
607
603
592
594
598
602
595
578
566
587
596
616
618
606
622
645
666
686
698
687
661
617
600
577
562
580
585
624
654
667
662
683
658
653
630
638
638
634
628
622
621
626
598
585
575
572
549
558
550
547
555
581
579
569
567
568
548
565
559
566
558
575
561
548
549
544
535
530
541
536
538
552
558
562
560
554
537
519
507
507
507
494
519
567
568
560
541
543
538
543
523
548
540
538
546
549
544
523
527
519
516
513
523
517
516
506
504
522
537
525
535
530
536
524
525
528
517
511
512
513
496
503
503
508
504
511
509
511
505
516
517
514
506
503
502
524
538
542
531
529
527
524
510
522
515
507
503
514
505
499
502
512
505
506
514
514
502
505
503
523
517
519
520
521
510
514
505
514
509
499
482
487
487
489
492
508
509
514
517
534
528
522
532
530
525
530
530
538
550
531
551
542
535
550
554
553
550
551
529
534
523
530
527
515
524
539
540
539
535
563
577
548
580
566
566
542
552
559
567
579
556
563
573
593
574
598
582
586
566
586
590
576
562
557
555
556
546
521
515
533
541
555
571
552
556
548
553
563
592
592
563
559
561
552
542
564
569
559
561
568
578
565
574
558
561
536
551
580
611
572
566
554
553
542
549
535
538
538
549
556
568
563
571
584
577
602
575
622
609
575
578
565
563
557
583
586
612
576
579
585
586
594
591
581
572
569
564
568
545
537
535
548
538
540
545
554
555
570
582
628
569
572
554
546
537
533
557
564
561
551
568
567
559
562
549
580
565
536
533
520
517
522
526
526
527
531
531
527
525
523
534
539
550
551
581
570
590
592
597
582
568
561
584
566
551
543
534
540
526
520
523
544
563
593
607
638
682
717
703
643
571
637
603
591
582
573
569
565
569
583
610
625
621
629
634
641
641
625
619
613
621
623
627
633
642
678
709
683
675
659
667
646
665
682
720
700
693
649
624
607
619
622
621
632
624
650
646
594
616
618
635
613
619
610
586
598
581
584
573
609
594
576
564
556
559
544
544
560
565
549
566
563
574
558
563
558
560
561
556
551
555
555
554
563
570
572
584
572
562
547
540
536
525
521
527
529
540
530
549
547
559
555
561
563
554
568
566
560
555
563
558
546
544
540
534
533
531
524
535
530
531
523
534
532
534
531
539
541
533
527
523
521
511
508
505
510
504
498
485
485
493
500
500
507
505
516
514
512
512
515
516
503
512
510
516
509
516
510
513
511
513
522
524
517
517
517
515
511
515
515
511
511
517
520
521
514
516
519
512
508
511
497
495
502
510
516
517
522
537
550
545
554
555
552
551
536
535
525
515
501
504
503
502
507
498
497
500
496
496
491
496
498
511
509
521
528
545
544
573
589
579
551
565
559
549
531
527
522
523
521
525
543
562
551
551
545
572
600
621
614
595
579
577
576
563
563
576
597
623
633
657
693
690
668
659
611
603
594
610
636
635
666
712
739
741
734
749
715
711
694
694
675
697
736
765
817
812
772
729
707
666
660
674
697
691
716
721
725
711
700
709
712
702
705
708
708
687
694
708
709
696
689
704
695
695
700
709
722
702
742
738
743
705
708
718
728
721
717
705
660
640
666
663
673
681
709
689
685
689
668
652
653
656
643
654
645
630
661
649
682
691
682
647
653
646
628
622
605
587
618
592
570
580
567
546
561
555
552
550
538
531
539
580
586
589
564
554
563
562
538
547
542
553
556
574
573
560
566
576
565
567
577
576
576
588
603
600
602
635
646
652
646
662
666
658
638
604
584
582
572
559
545
539
546
548
548
545
596
609
629
620
617
629
615
589
576
574
573
573
564
555
550
569
607
631
676
660
643
629
624
634
643
644
636
638
632
631
615
607
614
632
646
658
655
649
651
651
638
616
605
604
627
635
688
709
701
697
684
676
633
618
608
593
580
581
592
622
671
692
698
688
682
685
675
664
665
665
645
628
632
640
647
646
650
674
681
681
674
659
655
644
646
628
623
610
617
638
666
688
668
644
623
612
633
653
648
633
611
599
580
569
568
571
585
611
642
671
679
720
760
798
783
725
694
671
646
636
624
604
605
617
632
642
667
669
678
684
687
680
660
616
599
569
564
585
613
621
636
627
631
634
639
655
658
654
618
612
574
577
580
585
574
560
623
571
575
574
607
620
619
617
603
590
593
588
588
592
572
585
584
601
620
646
653
643
653
663
697
722
664
651
646
642
665
644
652
655
675
707
674
685
689
711
688
652
654
648
660
669
656
649
620
613
677
700
687
699
705
697
685
695
688
711
716
723
753
747
703
694
694
702
665
672
662
689
679
703
705
773
736
731
697
695
667
652
656
686
708
719
725
736
702
688
665
659
639
642
639
655
666
691
706
741
741
768
788
739
703
696
685
686
664
658
680
715
705
729
745
729
691
689
682
704
705
726
723
716
689
634
620
647
651
688
717
738
768
797
785
745
734
695
686
658
658
650
685
738
724
745
749
732
725
695
687
658
639
639
650
710
724
718
740
769
802
806
744
701
684
690
658
652
638
641
647
635
647
643
674
697
685
683
685
690
687
684
682
710
725
710
698
691
710
690
670
673
686
717
716
708
696
712
704
673
682
681
689
696
697
707
725
733
709
702
681
694
688
666
670
679
739
738
705
690
682
698
703
689
684
681
681
703
682
677
679
680
680
659
629
610
602
643
777
844
888
887
808
747
718
704
673
659
652
658
672
673
678
685
680
693
694
724
741
730
734
747
743
736
713
692
679
689
688
717
712
707
710
708
729
693
696
683
688
679
660
664
686
728
764
787
767
716
703
683
700
711
700
695
696
696
641
646
676
679
656
665
667
688
689
676
680
677
713
739
695
694
681
707
720
688
686
665
671
665
647
638
637
660
694
686
680
690
722
721
722
715
736
740
730
706
698
701
700
688
685
695
730
716
753
750
754
727
724
694
686
689
688
724
729
707
698
696
684
668
658
662
668
654
682
696
758
772
757
721
700
670
681
661
682
665
673
647
619
619
646
660
669
665
700
712
704
713
732
741
725
696
696
706
712
698
685
686
699
710
685
684
665
676
697
671
674
659
666
651
697
694
766
765
756
775
781
768
749
712
701
696
708
674
658
646
678
718
725
721
740
752
776
750
722
696
698
674
679
682
733
748
729
718
718
722
701
701
686
699
677
665
650
657
648
663
652
689
696
712
718
733
705
712
703
711
674
664
662
644
605
595
592
592
593
610
667
743
761
724
709
696
735
729
696
695
696
690
683
654
649
635
641
627
606
589
579
586
658
751
854
906
867
807
713
698
683
655
642
641
639
649
626
639
631
689
734
750
746
746
747
724
718
727
703
689
675
665
639
645
641
681
701
717
692
703
654
659
666
724
717
721
729
736
724
715
685
680
661
647
658
686
693
691
695
691
708
706
709
696
711
714
674
672
652
670
663
687
685
742
742
741
728
733
685
664
650
654
670
649
660
655
700
689
685
695
717
715
676
677
667
680
676
667
674
688
712
692
707
695
697
679
669
651
622
608
602
605
653
677
714
749
804
751
721
690
649
642
639
633
620
638
637
606
579
579
563
552
533
550
534
528
515
504
495
490
485
482
474
471
465
462
466
479
505
502
502
499
494
499
498
490
499
511
509
493
489
483
487
506
518
519
520
532
538
544
547
535
541
552
548
545
540
542
533
522
525
513
515
511
506
505
508
506
498
487
480
481
487
505
513
519
520
527
543
532
529
536
543
537
531
529
545
560
547
529
572
561
560
538
529
523
529
518
531
521
534
525
530
520
525
515
524
521
535
527
536
523
531
531
545
531
534
523
526
513
519
521
533
516
526
519
515
525
520
521
517
522
525
535
527
512
512
521
516
516
510
514
507
507
492
503
520
540
525
576
572
570
539
554
530
521
514
506
502
495
496
495
492
489
493
487
478
474
473
471
467
462
456
452
456
453
447
445
445
445
448
444
450
455
455
456
455
455
466
470
464
470
481
476
472
471
472
470
472
473
482
480
479
484
489
488
479
472
481
478
471
470
471
474
479
475
467
463
469
458
456
452
456
465
475
481
474
470
475
491
511
509
493
499
505
500
487
488
480
478
468
465
466
476
481
489
484
507
500
493
490
510
506
502
505
533
531
526
539
560
542
529
527
515
508
505
505
504
495
497
497
505
501
504
512
521
516
511
504
507
495
494
491
503
507
495
491
504
509
496
493
504
502
499
492
494
492
485
483
486
492
488
489
498
499
494
492
499
499
495
493
500
498
488
493
480
479
479
479
480
492
502
476
480
484
486
483
472
475
465
460
449
442
448
448
450
451
440
444
438
443
446
437
439
441
440
437
434
436
436
433
441
436
434
437
440
444
448
449
445
460
454
456
460
462
467
468
463
462
472
470
466
468
475
468
460
461
470
463
467
473
468
471
467
459
470
481
477
475
481
481
475
466
469
477
470
475
479
485
488
483
484
492
479
486
490
499
491
490
485
505
500
499
491
490
488
479
476
476
479
473
477
479
492
491
481
482
488
485
479
478
477
487
489
483
482
481
480
470
462
456
462
469
470
462
455
457
487
519
522
497
487
491
505
497
499
488
489
477
479
484
471
483
484
474
476
478
473
473
479
484
477
475
474
478
467
460
457
456
453
450
453
459
479
509
538
576
578
551
564
567
555
581
573
535
539
537
540
528
526
536
524
519
521
523
504
503
502
507
501
508
501
512
497
507
505
494
490
499
497
486
485
484
486
476
472
479
487
472
469
479
493
484
479
467
472
470
477
478
496
487
500
492
492
488
493
499
474
485
475
480
474
476
472
471
467
463
467
473
470
468
463
468
463
464
463
463
473
469
468
466
461
468
484
499
498
486
480
485
486
479
468
454
453
452
460
466
469
465
464
468
479
480
479
480
472
485
490
476
478
484
486
479
486
493
486
489
490
496
483
481
481
480
470
466
466
469
469
468
468
470
478
474
468
466
475
472
476
467
481
479
470
469
480
482
472
472
476
470
470
472
470
479
485
478
477
486
472
471
469
473
464
456
454
459
459
459
459
462
468
469
475
464
475
467
465
460
461
468
486
492
488
471
470
471
465
460
460
459
463
459
461
460
468
463
461
461
464
465
461
463
473
472
464
473
472
476
474
472
477
478
468
469
463
458
454
453
459
460
464
457
470
470
479
469
474
479
491
486
485
488
494
479
471
467
464
472
469
463
463
467
473
470
470
467
476
479
483
479
476
482
486
478
473
471
468
466
459
453
453
466
463
473
472
471
467
476
480
475
472
483
478
475
476
480
479
479
477
476
480
481
473
465
466
473
471
468
467
471
477
479
470
464
464
473
478
475
484
483
488
474
479
484
490
480
482
483
488
484
485
486
501
507
498
509
510
498
502
499
495
487
485
477
475
470
469
470
474
474
476
475
488
483
469
467
471
476
472
471
475
479
482
479
484
482
475
474
475
472
478
481
477
478
478
490
480
484
480
493
484
479
480
482
472
471
473
472
474
467
464
464
474
470
461
455
446
444
444
443
461
497
499
491
482
482
481
474
474
469
474
475
475
476
471
480
469
467
457
457
460
460
453
454
459
460
458
452
468
467
460
456
462
467
465
460
461
461
462
462
467
471
461
451
452
449
446
450
445
460
448
449
454
453
454
447
457
446
447
445
447
441
438
440
438
441
442
446
448
454
448
447
446
445
444
447
453
443
443
447
446
441
444
443
443
450
442
445
448
453
452
453
453
459
462
460
464
465
468
462
466
471
471
464
461
461
462
461
460
458
453
465
456
456
459
474
477
472
475
482
480
471
470
472
470
469
468
468
470
470
474
470
479
472
467
463
474
473
465
467
468
470
465
455
451
451
450
445
446
447
459
464
464
475
477
484
500
500
488
487
492
491
481
474
478
484
480
475
481
467
461
464
473
477
483
487
481
479
474
480
469
464
464
464
458
448
454
451
448
450
450
450
452
440
438
434
436
435
440
455
464
479
468
466
470
476
471
472
479
479
472
480
480
475
475
474
475
482
478
476
484
478
468
471
476
471
465
471
471
469
468
466
473
475
470
477
468
465
470
473
479
474
476
474
476
479
480
478
476
474
486
482
478
487
485
477
482
483
479
475
473
477
472
462
457
452
452
451
450
449
444
448
448
450
453
460
478
495
510
522
508
504
531
537
516
511
504
509
510
499
505
502
493
486
480
472
473
471
463
468
460
458
459
452
445
446
441
437
436
442
438
438
438
437
436
440
432
436
431
431
431
434
432
436
432
433
451
456
449
448
460
456
454
476
517
502
503
505
490
486
500
499
513
486
506
497
485
473
468
461
455
451
442
438
435
425
419
418
418
417
420
419
422
418
425
428
435
431
426
419
423
438
449
454
450
445
438
436
436
430
436
435
437
438
441
438
438
436
448
454
458
463
462
468
469
462
457
466
476
480
483
474
468
469
476
482
494
495
505
521
533
543
533
529
526
529
507
508
502
506
500
496
502
497
521
522
530
532
531
541
552
547
535
515
517
516
502
492
482
482
487
483
497
500
511
504
516
520
545
552
553
542
524
516
492
502
492
487
480
469
474
491
531
531
532
515
488
482
483
491
500
498
500
513
505
499
499
510
524
544
544
547
516
514
507
505
510
514
550
546
529
531
518
537
534
521
522
516
523
515
514
509
524
536
521
552
540
554
544
549
543
552
525
527
523
523
521
511
499
504
518
530
544
560
603
613
603
576
567
570
588
551
551
527
529
552
604
624
638
615
589
563
526
525
514
565
655
693
692
666
623
584
545
545
530
524
532
592
594
603
589
573
541
545
524
518
514
531
561
583
604
609
593
567
538
538
530
524
525
529
548
546
577
613
640
623
601
551
539
540
573
566
592
602
591
573
533
535
530
533
512
511
513
527
530
542
549
557
551
558
567
613
603
600
576
556
523
521
512
511
524
530
544
557
581
607
625
612
604
591
588
571
569
544
551
544
552
539
535
528
523
521
512
527
545
580
619
645
655
653
618
549
549
535
544
551
617
637
659
640
600
554
537
531
559
592
615
619
609
594
579
553
547
533
528
534
586
603
626
612
601
582
570
558
548
533
525
523
526
553
558
565
559
559
558
552
563
577
587
596
597
604
599
573
535
534
573
584
626
638
615
584
548
559
579
556
600
577
572
559
551
539
535
533
533
536
544
544
544
520
519
513
522
548
563
589
590
602
590
574
583
577
569
550
524
516
501
494
503
523
522
527
531
523
518
510
508
504
506
511
511
503
501
510
522
534
534
540
545
549
555
560
552
532
511
512
518
525
528
531
545
548
544
543
539
535
539
545
559
584
618
610
601
579
571
560
523
521
537
558
568
577
574
566
555
536
523
510
506
508
544
588
625
639
636
642
639
627
610
598
584
572
563
549
551
549
556
561
563
567
563
561
556
556
568
573
569
568
556
526
534
543
567
590
599
601
589
580
575
568
563
542
541
521
534
549
565
594
598
603
603
597
582
590
592
566
563
542
555
546
537
537
535
526
509
503
501
514
521
540
551
563
579
582
570
547
547
541
534
516
507
521
528
540
536
537
536
524
513
495
498
494
490
493
499
501
502
506
514
504
521
523
543
539
534
526
534
509
511
513
529
540
555
567
573
569
567
554
536
529
521
527
521
518
515
516
515
510
517
530
554
593
622
640
644
646
665
624
600
583
588
626
640
627
588
574
566
610
635
654
650
644
633
625
605
586
578
592
635
650
641
633
612
606
599
581
569
579
579
579
551
547
605
680
728
714
662
617
592
581
568
557
547
548
563
595
616
621
620
622
618
614
610
605
590
593
573
559
567
563
534
578
598
588
562
544
521
522
519
561
571
596
546
583
566
551
529
518
498
499
495
499
509
508
539
563
635
660
691
702
676
651
659
646
618
594
587
543
552
573
563
564
589
601
637
646
663
650
630
601
606
619
634
643
641
644
641
636
629
611
597
598
577
579
540
538
558
562
569
579
581
565
551
555
554
548
541
542
529
541
532
553
553
561
554
550
547
550
562
563
572
592
593
597
588
586
581
575
573
559
558
558
571
573
585
542
550
529
524
519
513
504
492
484
474
466
460
462
458
462
463
459
454
458
451
447
444
447
449
452
455
445
445
441
445
447
445
452
451
455
455
457
455
457
456
461
469
479
476
491
493
492
490
487
489
480
482
490
486
486
491
495
500
502
520
529
540
545
545
552
562
561
563
552
557
538
537
555
537
561
556
557
555
559
553
548
545
543
554
564
576
577
577
582
596
591
583
574
564
534
541
548
522
528
548
560
561
541
521
530
537
546
531
527
530
542
537
552
551
552
553
542
529
519
517
510
514
520
543
563
591
602
607
599
593
597
588
585
575
585
561
597
563
574
559
579
572
563
567
566
565
554
553
549
550
567
572
574
574
585
571
565
569
575
583
598
601
570
591
584
583
566
558
551
544
525
521
530
533
535
505
503
494
496
519
601
600
605
562
543
548
552
544
539
540
540
539
540
559
563
568
582
563
562
574
561
560
526
526
533
548
546
540
540
553
546
565
566
590
600
602
610
610
604
596
574
562
570
573
574
563
576
566
576
564
585
579
596
608
614
615
612
622
604
598
589
581
572
565
574
566
571
571
563
558
558
579
589
606
614
611
625
642
620
605
585
601
582
577
582
592
576
569
567
576
586
599
581
578
577
572
552
547
541
516
521
531
560
585
606
623
628
609
604
577
562
553
561
568
554
544
545
517
514
503
513
533
568
584
580
563
566
545
559
558
555
563
547
535
521
515
526
526
530
528
524
511
508
507
512
508
521
528
529
522
514
508
498
501
501
516
563
592
594
603
612
609
591
578
563
551
550
531
536
530
546
568
547
525
523
544
563
563
562
556
553
552
521
521
533
552
540
540
542
531
534
529
538
528
515
521
512
511
507
505
499
498
498
499
496
498
503
515
516
523
517
513
528
531
530
531
538
532
545
547
539
547
537
533
539
533
542
551
538
540
532
539
530
526
537
528
534
526
521
508
495
494
500
514
517
520
531
536
532
535
532
545
560
556
547
549
546
553
545
557
548
541
529
537
546
558
550
527
517
522
552
547
555
548
563
550
548
536
540
562
535
538
538
532
552
552
553
529
527
522
524
519
516
519
520
528
540
543
548
537
530
528
523
520
515
511
518
520
521
522
532
532
531
528
529
534
529
524
530
520
520
521
520
520
519
524
527
536
561
565
584
585
615
604
601
593
579
563
538
544
556
563
571
579
586
589
614
594
593
566
563
578
581
591
578
572
577
574
579
578
579
587
587
593
611
622
625
604
596
572
598
579
563
561
550
538
533
569
610
634
679
667
675
632
625
586
611
577
611
605
608
621
619
622
614
615
611
638
609
609
591
604
610
613
609
604
595
588
587
606
622
630
652
649
650
615
624
606
606
583
605
595
592
593
587
581
581
583
610
630
646
677
658
658
650
636
628
598
619
606
614
611
604
590
593
580
556
570
614
659
687
709
694
681
651
654
634
618
601
610
599
615
623
625
632
643
655
675
638
627
605
605
603
590
602
615
617
626
651
619
636
611
609
614
607
604
608
594
595
611
616
632
638
667
656
665
663
641
647
628
625
625
609
596
587
592
607
609
618
616
617
674
657
658
633
617
604
600
593
593
595
591
582
588
563
555
564
570
559
609
651
649
638
631
634
623
640
637
652
641
623
670
643
631
581
604
606
618
632
617
602
595
599
620
626
629
639
650
640
652
646
641
648
662
681
674
646
636
625
638
633
664
670
677
698
693
698
656
657
645
661
649
662
651
662
681
682
668
663
659
660
671
664
675
652
639
631
650
631
652
632
664
639
638
647
656
668
649
651
663
660
678
678
661
662
665
685
680
661
688
695
689
671
647
646
626
643
639
659
647
690
683
709
669
681
668
661
653
671
676
667
649
643
677
667
638
616
645
660
630
598
608
619
630
635
654
659
690
668
673
655
660
641
640
629
621
590
624
646
672
698
714
691
669
650
649
646
638
655
652
665
672
698
713
704
685
666
675
659
684
662
682
664
676
718
711
701
668
629
604
599
594
637
662
700
701
694
724
697
680
662
633
630
614
613
619
634
665
664
693
706
697
687
693
674
664
646
641
639
657
672
653
651
632
594
628
628
674
688
711
665
609
637
617
677
643
634
611
605
602
601
605
638
689
771
778
735
693
659
654
646
644
628
632
640
619
633
634
636
635
623
620
621
632
647
657
660
668
679
678
679
686
678
677
680
659
660
665
676
680
670
658
674
677
684
684
666
660
653
644
604
628
632
647
673
701
724
712
674
680
688
711
704
707
700
712
735
728
732
702
681
704
690
702
707
710
683
683
698
714
740
712
695
681
669
664
697
687
681
669
667
667
667
659
659
663
653
670
650
661
667
681
691
730
729
694
671
650
641
652
646
663
685
686
661
681
690
658
634
633
627
628
638
662
674
664
680
717
728
739
719
714
662
661
646
640
656
667
680
680
708
699
726
710
705
692
709
706
729
720
703
688
679
712
731
728
725
718
698
703
710
721
722
727
721
730
712
696
676
695
698
686
657
676
703
722
721
716
679
669
651
648
655
664
641
608
615
619
636
702
702
691
700
682
704
689
679
671
660
651
667
661
676
699
717
698
705
691
706
692
713
714
705
713
693
710
712
731
724
719
708
714
719
718
728
725
738
730
713
736
738
735
744
726
685
725
726
724
747
717
734
698
738
698
704
724
743
742
758
736
693
684
668
669
690
688
685
664
650
658
695
708
712
704
680
661
647
635
640
632
629
609
666
722
728
741
776
788
747
692
652
657
647
698
707
749
758
751
756
748
762
771
743
719
729
741
748
750
747
746
754
744
708
706
701
720
698
726
709
750
733
729
714
712
693
687
680
688
690
706
711
714
711
698
685
690
705
681
700
691
721
728
732
720
700
699
714
703
705
707
738
727
711
705
737
746
731
699
690
706
723
739
766
744
745
684
701
695
702
696
715
719
706
708
713
714
698
703
706
696
708
714
684
681
668
679
641
684
717
741
756
710
712
700
705
701
702
705
713
709
738
737
743
756
721
696
709
690
702
666
670
686
691
722
697
681
711
702
686
667
662
657
670
669
667
655
645
684
733
718
716
683
671
655
668
674
679
709
722
706
687
720
724
698
683
671
672
672
669
683
675
674
648
644
646
701
704
708
709
688
648
659
690
702
709
718
715
705
700
699
705
676
686
697
741
739
764
715
714
704
720
717
721
723
704
714
751
772
789
779
776
722
718
693
707
698
726
715
736
735
673
735
737
736
741
735
723
715
713
751
730
724
722
720
745
757
749
726
705
710
707
701
678
687
703
715
679
700
700
717
704
704
680
666
643
627
639
644
687
711
734
754
770
753
768
714
752
703
701
688
677
670
661
693
664
670
691
690
697
712
694
689
671
663
646
688
690
710
706
703
701
674
655
635
629
637
695
691
718
735
746
762
735
713
689
679
657
639
621
613
629
694
722
759
756
736
688
668
629
646
665
678
705
712
729
702
722
704
715
693
682
660
670
683
676
662
648
658
659
718
715
733
750
750
744
728
722
690
704
676
676
688
704
707
729
709
707
693
709
702
730
722
724
723
701
714
726
722
725
733
736
725
712
726
701
678
666
670
680
738
747
772
766
766
751
755
727
704
691
676
693
674
706
678
654
692
729
745
746
737
719
705
670
651
650
665
691
748
789
766
751
725
683
684
703
700
696
683
711
708
713
712
725
752
737
732
715
725
730
720
693
706
698
680
688
712
706
709
701
700
690
664
649
666
671
676
679
679
675
685
679
663
671
665
672
692
679
691
686
689
693
691
702
685
682
673
649
646
655
671
688
656
663
665
669
716
791
773
767
747
738
712
697
644
657
672
679
693
695
701
708
684
688
678
678
665
669
687
704
661
619
646
642
620
607
598
591
585
569
558
540
528
521
515
506
499
488
488
484
485
485
499
543
591
609
653
664
659
689
794
789
724
589
570
586
577
621
615
590
559
556
554
554
564
564
576
557
556
571
565