720
707
681
673
673
703
747
722
725
717
737
699
689
744
647
642
660
662
780
738
806
855
896
896
858
791
724
663
638
605
627
693
782
871
940
896
838
813
793
789
820
834
828
858
854
864
809
774
776
803
793
752
775
792
833
810
770
761
809
867
917
884
834
835
864
851
788
774
756
772
706
639
655
625
675
686
687
663
653
644
584
627
604
623
621
599
567
599
594
611
592
603
603
640
626
646
612
610
598
586
571
575
581
592
593
421
312
525
747
771
861
847
769
722
700
671
677
670
659
633
638
619
591
605
598
594
579
572
570
545
552
543
536
541
565
595
607
623
644
687
681
681
653
659
652
629
648
607
634
632
740
692
677
650
648
631
643
607
620
625
664
670
689
641
635
642
665
652
651
624
619
581
581
598
611
647
652
661
660
646
628
683
747
711
781
744
701
693
665
642
615
598
599
598
620
618
628
594
639
681
738
713
716
697
712
713
716
708
697
655
638
610
606
603
643
628
747
737
731
668
688
663
664
664
665
672
667
658
652
653
659
664
650
610
625
648
672
700
730
701
721
738
751
745
723
690
646
673
649
640
616
608
588
595
577
593
563
558
560
568
561
584
581
615
635
695
773
855
784
665
659
709
679
703
695
694
691
679
700
711
798
785
746
715
714
685
663
645
665
669
674
667
649
618
605
638
668
744
813
826
814
755
716
679
664
647
635
628
622
616
610
641
659
664
672
688
713
702
731
721
697
649
648
646
655
648
650
644
655
663
682
708
722
677
655
648
738
734
715
716
639
624
619
628
639
653
615
677
638
715
662
679
629
640
646
651
645
618
586
586
601
655
738
816
886
840
768
692
636
611
599
603
571
587
615
630
662
677
706
712
711
661
648
661
685
700
720
716
719
716
747
714
699
675
672
639
630
631
649
688
748
787
788
701
695
679
682
675
642
644
640
648
646
670
691
698
702
687
677
664
646
628
608
604
615
646
669
638
681
682
684
643
643
635
620
604
604
625
600
600
622
627
662
726
738
756
743
747
731
691
670
634
622
619
623
605
612
625
642
673
666
680
669
648
608
590
583
591
610
660
681
679
668
658
674
698
717
703
660
619
617
620
627
646
657
702
711
752
749
767
767
736
727
735
707
676
634
626
660
681
694
711
737
748
743
714
716
691
697
699
675
665
635
616
585
578
593
657
714
824
860
874
822
738
704
677
670
657
646
631
627
619
621
619
598
604
620
623
627
629
653
677
700
709
702
682
658
650
633
628
629
605
616
641
649
672
671
619
640
629
649
645
652
637
624
619
614
611
591
571
573
582
619
686
745
774
732
697
687
697
678
654
644
600
595
579
589
632
648
660
645
635
613
595
610
608
607
611
605
614
610
610
604
601
596
599
591
575
568
563
563
567
589
602
611
612
611
608
616
612
614
594
587
561
571
578
611
637
664
683
667
663
609
624
631
644
652
673
688
675
635
623
619
611
614
593
597
581
574
569
564
558
562
557
545
530
528
527
530
555
593
658
686
676
686
663
651
602
624
592
604
585
592
567
563
563
561
578
593
591
582
571
563
563
557
563
575
598
638
633
617
616
598
576
568
573
580
589
601
611
614
628
663
670
662
654
653
649
643
614
592
586
599
601
729
742
733
682
677
697
631
636
612
632
614
597
575
582
563
577
606
644
641
649
631
641
598
590
632
663
716
730
709
684
658
639
622
606
587
565
549
545
531
519
507
502
494
500
531
592
698
729
784
717
748
719
765
834
916
771
652
649
639
614
628
613
648
613
680
597
736
694
818
742
744
746
746
668
683
675
668
676
658
666
669
684
669
646
667
644
655
640
653
679
713
683
678
656
630
637
630
629
646
685
709
733
720
714
716
714
695
685
680
681
700
689
674
639
628
634
654
681
714
739
710
682
692
711
733
716
703
702
680
691
665
656
638
625
631
660
646
660
650
703
716
666
707
707
713
690
669
633
639
629
648
646
722
724
742
698
751
700
729
708
723
656
642
631
645
650
670
664
647
709
659
676
684
701
721
721
720
757
770
764
732
694
676
642
640
666
686
691
725
708
715
685
674
712
737
723
710
710
742
785
744
768
760
755
746
731
681
686
639
670
671
691
707
703
679
649
646
638
633
645
649
665
670
664
664
682
682
697
689
670
633
630
639
655
667
695
745
771
770
772
747
771
710
674
662
652
652
645
616
608
617
623
610
629
631
664
697
760
753
725
706
706
681
658
661
701
721
709
704
684
688
680
659
656
663
667
659
653
657
670
671
703
700
700
688
675
652
637
648
650
657
683
692
729
730
726
699
675
664
648
647
649
651
634
628
623
651
677
708
700
692
670
637
633
638
648
664
672
688
680
675
689
730
760
772
729
710
710
690
676
652
647
644
642
647
641
619
608
623
650
663
683
692
671
674
711
729
726
706
720
717
687
664
682
689
673
648
623
615
633
650
663
693
747
840
817
821
768
698
661
638
657
638
652
643
638
630
637
605
600
625
651
692
730
725
729
693
712
662
693
682
691
680
684
666
652
627
615
600
604
639
716
842
927
933
898
808
719
685
672
646
638
614
604
614
637
646
688
704
758
793
794
743
738
728
727
707
707
684
668
632
631
646
664
705
687
678
695
718
691
687
646
623
610
601
586
580
568
560
558
555
554
547
537
551
535
584
616
819
914
955
921
891
820
717
762
735
745
729
773
791
780
735
746
711
681
720
699
727
758
762
807
810
831
813
813
842
805
814
803
824
818
809
773
798
723
689
756
733
741
719
706
670
667
650
647
644
654
629
647
648
692
696
691
697
686
704
697
676
635
635
633
639
681
659
646
641
642
660
635
627
647
642
645
652
647
647
632
618
595
584
577
563
563
552
541
540
532
540
563
617
720
842
826
792
875
891
780
663
791
752
752
694
750
725
757
733
745
711
672
644
624
624
615
620
650
727
771
728
718
804
881
934
914
850
774
688
712
750
771
786
763
807
871
852
810
822
837
815
788
793
803
791
784
779
794
823
823
782
765
780
788
786
790
787
838
817
827
747
758
746
755
736
752
806
808
850
869
925
892
823
771
736
672
674
698
721
744
748
734
743
762
814
833
810
760
682
675
679
697
744
780
773
760
759
779
764
754
765
744
747
735
738
749
740
740
760
766
802
796
792
762
723
715
710
740
768
797
773
761
708
676
671
685
729
774
781
810
838
844
826
777
738
689
720
760
838
855
836
870
876
870
817
787
775
768
746
726
705
725
741
762
784
790
771
702
681
876
762
692
657
642
623
614
605
603
603
631
652
662
678
669
587
646
889
762
687
645
637
649
670
723
765
670
755
837
713
660
639
611
578
590
594
604
616
645
636
638
624
603
598
598
603
648
611
613
625
637
646
646
636
628
607
593
576
569
577
591
627
693
772
834
862
873
830
777
765
691
681
686
732
735
776
800
806
834
782
777
753
775
739
737
762
761
719
726
744
739
720
819
729
754
982
771
696
658
628
600
601
611
650
657
661
705
749
802
826
816
776
787
753
750
736
749
761
751
755
731
728
722
680
691
698
696
694
852
795
775
759
761
784
822
830
770
782
913
763
678
656
620
643
772
676
637
608
576
572
574
580
578
562
576
612
681
735
779
792
812
796
746
710
656
636
646
653
698
718
768
781
769
741
730
724
698
713
683
669
690
710
720
715
713
725
741
743
738
748
749
743
722
716
700
696
675
687
696
696
659
665
673
694
717
726
756
741
714
729
722
744
750
741
731
739
725
735
724
729
723
729
712
727
738
747
728
744
732
746
707
670
666
673
712
712
751
727
730
722
741
702
689
662
650
664
679
685
700
724
766
754
749
731
735
712
712
707
704
692
698
706
719
710
729
724
735
733
746
742
716
701
689
694
681
672
688
703
718
721
737
740
716
700
687
684
682
734
716
727
733
724
740
716
689
688
659
684
726
729
772
790
795
771
750
735
724
727
723
704
693
674
674
677
658
668
660
649
654
683
702
713
668
672
686
685
685
688
693
718
749
740
737
703
691
692
723
758
782
770
787
769
780
742
734
731
742
734
746
760
768
759
732
738
731
739
717
719
738
747
758
768
787
781
752
721
685
680
676
673
655
643
659
797
690
657
646
630
644
627
629
609
604
621
653
744
826
861
900
935
951
918
833
736
692
675
691
727
745
781
753
784
771
760
735
736
721
720
717
748
823
864
855
834
792
761
746
746
739
735
749
747
759
758
780
774
752
757
755
746
738
690
686
690
691
701
732
778
789
798
801
799
768
729
732
778
772
748
734
718
707
740
787
844
813
792
780
781
741
739
717
711
677
675
663
678
688
673
675
685
700
729
758
803
825
804
811
813
829
812
794
757
746
747
762
761
750
745
746
732
734
756
701
727
720
735
761
784
767
729
704
693
702
738
784
820
845
840
809
780
771
751
773
756
749
749
772
793
834
799
786
775
735
711
698
707
714
776
788
816
843
820
778
729
717
701
690
671
673
671
692
689
682
703
706
717
716
741
790
781
771
748
727
717
699
692
695
690
708
684
715
719
748
731
709
710
804
900
785
750
735
717
688
664
665
680
699
699
727
719
752
785
842
870
861
822
797
781
773
777
777
764
740
720
715
714
722
746
788
781
771
744
740
719
729
723
725
721
714
736
762
760
759
759
778
755
742
718
714
714
717
734
753
737
754
752
695
729
750
750
752
775
783
805
825
800
801
804
772
762
775
823
838
767
752
720
739
742
761
765
750
755
789
777
766
766
786
760
729
727
716
688
674
671
672
646
666
710
739
736
745
783
767
756
729
706
695
678
673
680
710
757
824
849
870
832
818
810
813
764
733
716
744
782
807
776
774
756
759
758
783
784
768
760
778
805
816
798
783
753
763
775
781
806
837
858
817
795
781
793
747
735
717
757
759
761
766
780
768
774
772
764
740
727
704
636
678
788
713
664
645
632
625
626
624
635
644
627
628
625
645
661
702
735
804
808
791
790
780
771
764
720
716
702
712
707
717
778
913
964
922
876
794
750
742
760
764
704
749
785
798
800
781
774
786
762
819
828
785
746
772
843
926
921
912
863
814
769
728
706
712
691
690
703
788
858
863
825
773
759
742
705
681
655
630
606
596
581
576
557
548
540
541
562
587
667
610
747
656
684
634
645
603
581
582
593
681
641
621
583
610
629
644
647
637
646
645
653
663
658
672
667
674
674
696
837
982
1012
963
966
942
858
820
781
808
770
821
776
761
762
764
714
852
848
792
771
756
734
746
738
792
760
773
766
682
694
628
662
630
646
669
667
660
673
647
659
672
667
718
667
723
695
750
765
802
809
792
822
813
859
845
774
773
763
764
742
743
737
728
750
751
776
775
811
859
891
854
845
788
753
764
762
826
843
883
907
842
773
722
674
712
713
788
799
846
830
863
835
768
748
741
763
716
737
758
829
872
883
863
840
813
774
723
733
797
810
790
763
750
762
746
768
857
877
808
792
782
760
741
744
761
757
767
733
698
721
738
804
850
853
836
843
844
807
785
817
794
751
759
752
769
749
778
790
830
779
779
758
773
773
733
774
754
776
790
791
787
788
817
841
787
766
782
789
787
759
774
771
776
757
776
759
800
775
787
781
820
803
837
858
851
789
786
770
764
721
738
775
831
825
843
824
778
760
720
707
729
763
849
903
906
868
818
797
787
771
731
744
741
736
749
826
876
839
829
817
809
765
765
761
747
768
747
771
774
776
717
715
747
784
828
861
836
845
851
845
819
794
787
830
829
823
849
882
866
817
774
722
677
697
688
707
731
747
737
728
706
719
710
717
703
701
722
779
848
865
834
773
756
742
730
688
687
706
863
887
800
766
736
688
696
752
762
768
778
822
872
954
978
929
895
862
834
817
796
799
809
836
850
865
819
826
877
830
837
817
789
789
766
772
772
798
842
821
794
792
851
824
813
834
832
795
787
813
832
832
884
895
846
823
825
782
790
780
793
753
753
773
808
834
789
780
806
760
760
749
751
782
779
812
759
768
794
869
876
889
852
782
733
724
739
766
822
841
819
835
843
834
796
795
810
817
802
760
737
749
797
786
813
835
863
877
844
801
770
786
756
743
741
766
812
838
905
902
867
827
815
786
756
785
770
799
797
813
857
867
809
800
773
748
716
721
729
760
708
751
793
810
774
771
787
817
854
831
846
857
838
862
808
801
816
861
837
804
743
730
745
767
799
732
770
755
770
801
804
777
740
730
781
847
888
853
796
777
769
809
834
789
792
801
806
842
870
802
770
768
766
795
799
773
798
814
898
849
824
810
813
763
738
745
732
742
756
776
820
784
772
787
821
796
767
767
765
783
764
726
724
828
879
931
970
949
885
816
782
805
769
762
830
871
829
813
774
789
776
753
740
757
807
882
976
987
962
915
864
815
771
764
785
832
912
890
921
902
889
809
781
776
779
757
798
850
894
866
835
820
822
760
762
743
767
774
817
847
843
807
781
773
726
725
742
762
724
759
772
804
810
834
802
796
744
758
769
750
772
738
739
744
767
886
883
846
775
741
749
830
847
823
805
771
762
793
887
920
926
857
831
812
826
779
760
790
813
840
808
800
812
833
827
752
785
780
816
810
811
807
844
777
806
831
867
810
813
796
819
764
755
767
824
855
828
830
840
822
758
767
778
802
774
819
863
913
861
853
856
850
779
770
753
802
781
770
764
795
790
790
832
776
772
771
743
711
716
739
750
773
824
852
836
818
825
832
820
795
774
738
752
777
811
786
771
782
813
865
832
836
829
800
744
728
692
710
663
654
653
710
772
808
779
781
790
817
785
712
725
727
776
813
764
781
741
767
759
766
800
827
770
771
762
782
776
801
785
755
745
700
694
793
830
837
897
964
946
850
796
763
771
737
776
796
790
818
824
868
857
875
911
863
864
787
718
674
673
723
852
854
846
857
880
914
891
885
826
797
808
835
874
856
842
779
850
891
955
939
880
831
765
759
779
867
930
938
952
870
777
736
740
760
795
812
877
833
870
889
886
801
783
781
788
798
812
844
933
925
884
842
804
754
740
734
813
792
844
876
877
843
839
830
816
761
761
803
869
807
793
781
817
792
821
831
792
733
747
827
792
730
778
820
834
777
811
836
878
888
858
853
876
933
948
924
869
829
769
717
724
773
780
761
789
773
797
809
758
739
787
820
788
767
757
769
764
761
771
751
764
779
758
789
729
722
769
792
781
709
692
689
857
961
985
933
798
753
734
716
715
741
771
847
847
901
911
893
821
813
825
829
813
805
777
746
774
750
713
779
819
848
873
822
812
813
852
827
825
812
842
823
771
754
737
739
722
730
813
872
864
872
871
870
850
825
787
783
767
777
834
925
977
954
871
813
814
799
774
832
873
909
837
813
792
785
718
716
737
741
745
736
744
750
746
754
746
739
761
739
716
718
736
798
844
836
859
870
891
828
808
789
803
755
774
793
821
810
804
868
902
831
807
770
789
771
799
828
912
866
844
806
769
740
719
714
677
727
796
773
783
821
841
830
790
776
771
797
798
794
759
780
769
788
793
812
824
820
807
771
761
768
784
731
757
734
750
722
745
775
859
865
826
813
830
779
763
766
777
772
788
807
877
880
858
856
835
788
759
762
808
828
844
841
854
882
870
872
871
877
831
790
792
815
840
819
834
813
722
691
645
688
757
808
934
928
855
808
773
719
686
663
654
645
647
742
874
978
995
959
896
865
831
807
794
749
762
754
826
815
851
900
894
880
846
819
741
729
729
755
791
840
941
979
924
873
789
731
727
723
759
945
938
896
876
877
779
751
733
746
714
783
829
951
952
940
907
854
819
780
729
739
779
831
820
845
913
855
902
930
896
854
819
767
258
465
694
686
678
716
795
937
944
938
901
818
773
767
747
706
699
736
821
908
959
1010
1004
946
917
870
823
770
793
807
892
900
887
863
829
827
753
744
775
832
805
791
830
855
836
792
796
802
794
764
783
791
783
758
736
759
859
1012
995
952
948
928
871
850
834
830
795
805
828
813
791
740
712
727
987
990
959
843
795
755
740
712
714
731
744
758
771
789
773
772
759
751
766
770
783
776
746
705
712
718
709
699
692
652
634
612
608
613
637
620
588
592
590
617
638
652
769
844
931
937
971
988
982
960
898
880
837
824
799
801
780
826
784
805
818
788
812
821
785
766
784
814
768
723
692
664
713
903
918
887
878
888
843
785
746
789
807
817
860
880
857
786
722
702
838
887
897
869
819
754
741
726
701
719
729
806
808
889
952
933
938
918
854
818
801
777
806
830
857
873
890
893
858
851
866
835
851
843
785
750
700
704
722
741
758
726
724
713
711
716
723
727
707
706
723
724
707
684
675
687
771
841
787
754
844
875
889
842
816
796
791
767
786
779
813
867
860
835
794
726
711
716
680
670
728
888
858
816
751
724
695
668
670
656
664
655
664
661
675
734
779
825
844
840
831
814
799
748
736
733
739
719
696
663
636
633
632
660
682
702
687
713
747
788
778
760
729
718
691
671
688
724
774
813
877
851
841
822
814
767
754
748
783
832
855
848
802
768
762
796
811
774
747
730
744
755
795
791
761
732
708
701
681
689
787
845
890
915
898
830
749
729
717
720
717
712
717
742
789
813
803
784
769
752
749
736
731
736
744
740
744
750
774
813
806
808
813
823
821
783
759
728
715
743
790
830
795
770
788
774
792
799
799
799
765
730
728
726
707
700
704
744
765
741
757
770
768
732
743
721
714
690
680
673
702
745
763
754
743
731
730
728
714
702
703
697
725
721
724
729
728
712
689
675
660
656
658
643
613
605
619
696
770
829
827
783
688
648
627
604
613
659
702
752
770
766
743
715
728
701
706
780
760
760
755
762
742
724
703
685
682
725
775
787
769
728
755
806
814
771
726
715
686
696
661
660
708
743
711
710
744
781
811
792
770
776
801
794
765
743
721
692
673
670
704
763
766
739
746
945
989
925
881
821
788
779
761
743
711
682
674
676
688
714
748
793
819
835
803
775
758
779
775
765
792
841
894
883
870
846
788
751
729
732
734
736
738
800
779
824
830
813
784
766
750
760
789
787
759
747
736
751
738
729
757
782
798
770
769
804
822
820
788
745
740
728
746
755
748
769
747
756
758
745
702
696
700
696
682
667
666
679
727
771
730
678
665
651
664
701
742
738
718
686
687
698
717
738
740
710
736
740
808
841
804
771
723
704
683
638
616
612
617
646
680
724
749
742
728
700
712
711
688
664
647
618
578
570
559
562
551
533
534
532
532
529
528
521
523
534
542
520
530
526
530
553
569
595
610
637
652
680
693
711
714
759
799
815
817
832
827
737
730
717
790
1077
1025
847
724
656
669
732
756
763
801
736
662
650
645
617
616
616
627
741
710
700
721
669
675
671
656
627
648
714
730
754
670
638
636
654
704
745
730
688
666
837
843
929
932
892
853
814
762
756
689
653
622
596
585
625
735
1007
899
801
719
640
623
602
586
587
594
598
628
605
610
601
650
651
665
686
694
663
645
644
629
618
617
612
610
602
589
585